0.000000000000000000e+00 0.000000000000000000e+00 0.000000000000000000e+00
0.000000000000000000e+00 0.000000000000000000e+00 2.000000000000000111e-01
0.000000000000000000e+00 0.000000000000000000e+00 4.000000000000000222e-01
0.000000000000000000e+00 0.000000000000000000e+00 6.000000000000000888e-01
0.000000000000000000e+00 0.000000000000000000e+00 8.000000000000000444e-01
0.000000000000000000e+00 2.000000000000000111e-01 0.000000000000000000e+00
0.000000000000000000e+00 2.000000000000000111e-01 2.000000000000000111e-01
0.000000000000000000e+00 2.000000000000000111e-01 4.000000000000000222e-01
0.000000000000000000e+00 2.000000000000000111e-01 6.000000000000000888e-01
0.000000000000000000e+00 2.000000000000000111e-01 8.000000000000000444e-01
0.000000000000000000e+00 4.000000000000000222e-01 0.000000000000000000e+00
0.000000000000000000e+00 4.000000000000000222e-01 2.000000000000000111e-01
0.000000000000000000e+00 4.000000000000000222e-01 4.000000000000000222e-01
0.000000000000000000e+00 4.000000000000000222e-01 6.000000000000000888e-01
0.000000000000000000e+00 4.000000000000000222e-01 8.000000000000000444e-01
0.000000000000000000e+00 6.000000000000000888e-01 0.000000000000000000e+00
0.000000000000000000e+00 6.000000000000000888e-01 2.000000000000000111e-01
0.000000000000000000e+00 6.000000000000000888e-01 4.000000000000000222e-01
0.000000000000000000e+00 6.000000000000000888e-01 6.000000000000000888e-01
0.000000000000000000e+00 6.000000000000000888e-01 8.000000000000000444e-01
0.000000000000000000e+00 8.000000000000000444e-01 0.000000000000000000e+00
0.000000000000000000e+00 8.000000000000000444e-01 2.000000000000000111e-01
0.000000000000000000e+00 8.000000000000000444e-01 4.000000000000000222e-01
0.000000000000000000e+00 8.000000000000000444e-01 6.000000000000000888e-01
0.000000000000000000e+00 8.000000000000000444e-01 8.000000000000000444e-01
2.000000000000000111e-01 0.000000000000000000e+00 0.000000000000000000e+00
2.000000000000000111e-01 0.000000000000000000e+00 2.000000000000000111e-01
2.000000000000000111e-01 0.000000000000000000e+00 4.000000000000000222e-01
2.000000000000000111e-01 0.000000000000000000e+00 6.000000000000000888e-01
2.000000000000000111e-01 0.000000000000000000e+00 8.000000000000000444e-01
2.000000000000000111e-01 2.000000000000000111e-01 0.000000000000000000e+00
2.000000000000000111e-01 2.000000000000000111e-01 2.000000000000000111e-01
2.000000000000000111e-01 2.000000000000000111e-01 4.000000000000000222e-01
2.000000000000000111e-01 2.000000000000000111e-01 6.000000000000000888e-01
2.000000000000000111e-01 2.000000000000000111e-01 8.000000000000000444e-01
2.000000000000000111e-01 4.000000000000000222e-01 0.000000000000000000e+00
2.000000000000000111e-01 4.000000000000000222e-01 2.000000000000000111e-01
2.000000000000000111e-01 4.000000000000000222e-01 4.000000000000000222e-01
2.000000000000000111e-01 4.000000000000000222e-01 6.000000000000000888e-01
2.000000000000000111e-01 4.000000000000000222e-01 8.000000000000000444e-01
2.000000000000000111e-01 6.000000000000000888e-01 0.000000000000000000e+00
2.000000000000000111e-01 6.000000000000000888e-01 2.000000000000000111e-01
2.000000000000000111e-01 6.000000000000000888e-01 4.000000000000000222e-01
2.000000000000000111e-01 6.000000000000000888e-01 6.000000000000000888e-01
2.000000000000000111e-01 6.000000000000000888e-01 8.000000000000000444e-01
2.000000000000000111e-01 8.000000000000000444e-01 0.000000000000000000e+00
2.000000000000000111e-01 8.000000000000000444e-01 2.000000000000000111e-01
2.000000000000000111e-01 8.000000000000000444e-01 4.000000000000000222e-01
2.000000000000000111e-01 8.000000000000000444e-01 6.000000000000000888e-01
2.000000000000000111e-01 8.000000000000000444e-01 8.000000000000000444e-01
4.000000000000000222e-01 0.000000000000000000e+00 0.000000000000000000e+00
4.000000000000000222e-01 0.000000000000000000e+00 2.000000000000000111e-01
4.000000000000000222e-01 0.000000000000000000e+00 4.000000000000000222e-01
4.000000000000000222e-01 0.000000000000000000e+00 6.000000000000000888e-01
4.000000000000000222e-01 0.000000000000000000e+00 8.000000000000000444e-01
4.000000000000000222e-01 2.000000000000000111e-01 0.000000000000000000e+00
4.000000000000000222e-01 2.000000000000000111e-01 2.000000000000000111e-01
4.000000000000000222e-01 2.000000000000000111e-01 4.000000000000000222e-01
4.000000000000000222e-01 2.000000000000000111e-01 6.000000000000000888e-01
4.000000000000000222e-01 2.000000000000000111e-01 8.000000000000000444e-01
4.000000000000000222e-01 4.000000000000000222e-01 0.000000000000000000e+00
4.000000000000000222e-01 4.000000000000000222e-01 2.000000000000000111e-01
4.000000000000000222e-01 4.000000000000000222e-01 4.000000000000000222e-01
4.000000000000000222e-01 4.000000000000000222e-01 6.000000000000000888e-01
4.000000000000000222e-01 4.000000000000000222e-01 8.000000000000000444e-01
4.000000000000000222e-01 6.000000000000000888e-01 0.000000000000000000e+00
4.000000000000000222e-01 6.000000000000000888e-01 2.000000000000000111e-01
4.000000000000000222e-01 6.000000000000000888e-01 4.000000000000000222e-01
4.000000000000000222e-01 6.000000000000000888e-01 6.000000000000000888e-01
4.000000000000000222e-01 6.000000000000000888e-01 8.000000000000000444e-01
4.000000000000000222e-01 8.000000000000000444e-01 0.000000000000000000e+00
4.000000000000000222e-01 8.000000000000000444e-01 2.000000000000000111e-01
4.000000000000000222e-01 8.000000000000000444e-01 4.000000000000000222e-01
4.000000000000000222e-01 8.000000000000000444e-01 6.000000000000000888e-01
4.000000000000000222e-01 8.000000000000000444e-01 8.000000000000000444e-01
6.000000000000000888e-01 0.000000000000000000e+00 0.000000000000000000e+00
6.000000000000000888e-01 0.000000000000000000e+00 2.000000000000000111e-01
6.000000000000000888e-01 0.000000000000000000e+00 4.000000000000000222e-01
6.000000000000000888e-01 0.000000000000000000e+00 6.000000000000000888e-01
6.000000000000000888e-01 0.000000000000000000e+00 8.000000000000000444e-01
6.000000000000000888e-01 2.000000000000000111e-01 0.000000000000000000e+00
6.000000000000000888e-01 2.000000000000000111e-01 2.000000000000000111e-01
6.000000000000000888e-01 2.000000000000000111e-01 4.000000000000000222e-01
6.000000000000000888e-01 2.000000000000000111e-01 6.000000000000000888e-01
6.000000000000000888e-01 2.000000000000000111e-01 8.000000000000000444e-01
6.000000000000000888e-01 4.000000000000000222e-01 0.000000000000000000e+00
6.000000000000000888e-01 4.000000000000000222e-01 2.000000000000000111e-01
6.000000000000000888e-01 4.000000000000000222e-01 4.000000000000000222e-01
6.000000000000000888e-01 4.000000000000000222e-01 6.000000000000000888e-01
6.000000000000000888e-01 4.000000000000000222e-01 8.000000000000000444e-01
6.000000000000000888e-01 6.000000000000000888e-01 0.000000000000000000e+00
6.000000000000000888e-01 6.000000000000000888e-01 2.000000000000000111e-01
6.000000000000000888e-01 6.000000000000000888e-01 4.000000000000000222e-01
6.000000000000000888e-01 6.000000000000000888e-01 6.000000000000000888e-01
6.000000000000000888e-01 6.000000000000000888e-01 8.000000000000000444e-01
6.000000000000000888e-01 8.000000000000000444e-01 0.000000000000000000e+00
6.000000000000000888e-01 8.000000000000000444e-01 2.000000000000000111e-01
6.000000000000000888e-01 8.000000000000000444e-01 4.000000000000000222e-01
6.000000000000000888e-01 8.000000000000000444e-01 6.000000000000000888e-01
6.000000000000000888e-01 8.000000000000000444e-01 8.000000000000000444e-01
8.000000000000000444e-01 0.000000000000000000e+00 0.000000000000000000e+00
8.000000000000000444e-01 0.000000000000000000e+00 2.000000000000000111e-01
8.000000000000000444e-01 0.000000000000000000e+00 4.000000000000000222e-01
8.000000000000000444e-01 0.000000000000000000e+00 6.000000000000000888e-01
8.000000000000000444e-01 0.000000000000000000e+00 8.000000000000000444e-01
8.000000000000000444e-01 2.000000000000000111e-01 0.000000000000000000e+00
8.000000000000000444e-01 2.000000000000000111e-01 2.000000000000000111e-01
8.000000000000000444e-01 2.000000000000000111e-01 4.000000000000000222e-01
8.000000000000000444e-01 2.000000000000000111e-01 6.000000000000000888e-01
8.000000000000000444e-01 2.000000000000000111e-01 8.000000000000000444e-01
8.000000000000000444e-01 4.000000000000000222e-01 0.000000000000000000e+00
8.000000000000000444e-01 4.000000000000000222e-01 2.000000000000000111e-01
8.000000000000000444e-01 4.000000000000000222e-01 4.000000000000000222e-01
8.000000000000000444e-01 4.000000000000000222e-01 6.000000000000000888e-01
8.000000000000000444e-01 4.000000000000000222e-01 8.000000000000000444e-01
8.000000000000000444e-01 6.000000000000000888e-01 0.000000000000000000e+00
8.000000000000000444e-01 6.000000000000000888e-01 2.000000000000000111e-01
8.000000000000000444e-01 6.000000000000000888e-01 4.000000000000000222e-01
8.000000000000000444e-01 6.000000000000000888e-01 6.000000000000000888e-01
8.000000000000000444e-01 6.000000000000000888e-01 8.000000000000000444e-01
8.000000000000000444e-01 8.000000000000000444e-01 0.000000000000000000e+00
8.000000000000000444e-01 8.000000000000000444e-01 2.000000000000000111e-01
8.000000000000000444e-01 8.000000000000000444e-01 4.000000000000000222e-01
8.000000000000000444e-01 8.000000000000000444e-01 6.000000000000000888e-01
8.000000000000000444e-01 8.000000000000000444e-01 8.000000000000000444e-01
