0.000000000000000000e+00 0.000000000000000000e+00 0.000000000000000000e+00
0.000000000000000000e+00 0.000000000000000000e+00 1.666666666666666574e-01
0.000000000000000000e+00 0.000000000000000000e+00 3.333333333333333148e-01
0.000000000000000000e+00 0.000000000000000000e+00 5.000000000000000000e-01
0.000000000000000000e+00 0.000000000000000000e+00 6.666666666666666297e-01
0.000000000000000000e+00 0.000000000000000000e+00 8.333333333333332593e-01
0.000000000000000000e+00 1.666666666666666574e-01 0.000000000000000000e+00
0.000000000000000000e+00 1.666666666666666574e-01 1.666666666666666574e-01
0.000000000000000000e+00 1.666666666666666574e-01 3.333333333333333148e-01
0.000000000000000000e+00 1.666666666666666574e-01 5.000000000000000000e-01
0.000000000000000000e+00 1.666666666666666574e-01 6.666666666666666297e-01
0.000000000000000000e+00 1.666666666666666574e-01 8.333333333333332593e-01
0.000000000000000000e+00 3.333333333333333148e-01 0.000000000000000000e+00
0.000000000000000000e+00 3.333333333333333148e-01 1.666666666666666574e-01
0.000000000000000000e+00 3.333333333333333148e-01 3.333333333333333148e-01
0.000000000000000000e+00 3.333333333333333148e-01 5.000000000000000000e-01
0.000000000000000000e+00 3.333333333333333148e-01 6.666666666666666297e-01
0.000000000000000000e+00 3.333333333333333148e-01 8.333333333333332593e-01
0.000000000000000000e+00 5.000000000000000000e-01 0.000000000000000000e+00
0.000000000000000000e+00 5.000000000000000000e-01 1.666666666666666574e-01
0.000000000000000000e+00 5.000000000000000000e-01 3.333333333333333148e-01
0.000000000000000000e+00 5.000000000000000000e-01 5.000000000000000000e-01
0.000000000000000000e+00 5.000000000000000000e-01 6.666666666666666297e-01
0.000000000000000000e+00 5.000000000000000000e-01 8.333333333333332593e-01
0.000000000000000000e+00 6.666666666666666297e-01 0.000000000000000000e+00
0.000000000000000000e+00 6.666666666666666297e-01 1.666666666666666574e-01
0.000000000000000000e+00 6.666666666666666297e-01 3.333333333333333148e-01
0.000000000000000000e+00 6.666666666666666297e-01 5.000000000000000000e-01
0.000000000000000000e+00 6.666666666666666297e-01 6.666666666666666297e-01
0.000000000000000000e+00 6.666666666666666297e-01 8.333333333333332593e-01
0.000000000000000000e+00 8.333333333333332593e-01 0.000000000000000000e+00
0.000000000000000000e+00 8.333333333333332593e-01 1.666666666666666574e-01
0.000000000000000000e+00 8.333333333333332593e-01 3.333333333333333148e-01
0.000000000000000000e+00 8.333333333333332593e-01 5.000000000000000000e-01
0.000000000000000000e+00 8.333333333333332593e-01 6.666666666666666297e-01
0.000000000000000000e+00 8.333333333333332593e-01 8.333333333333332593e-01
1.666666666666666574e-01 0.000000000000000000e+00 0.000000000000000000e+00
1.666666666666666574e-01 0.000000000000000000e+00 1.666666666666666574e-01
1.666666666666666574e-01 0.000000000000000000e+00 3.333333333333333148e-01
1.666666666666666574e-01 0.000000000000000000e+00 5.000000000000000000e-01
1.666666666666666574e-01 0.000000000000000000e+00 6.666666666666666297e-01
1.666666666666666574e-01 0.000000000000000000e+00 8.333333333333332593e-01
1.666666666666666574e-01 1.666666666666666574e-01 0.000000000000000000e+00
1.666666666666666574e-01 1.666666666666666574e-01 1.666666666666666574e-01
1.666666666666666574e-01 1.666666666666666574e-01 3.333333333333333148e-01
1.666666666666666574e-01 1.666666666666666574e-01 5.000000000000000000e-01
1.666666666666666574e-01 1.666666666666666574e-01 6.666666666666666297e-01
1.666666666666666574e-01 1.666666666666666574e-01 8.333333333333332593e-01
1.666666666666666574e-01 3.333333333333333148e-01 0.000000000000000000e+00
1.666666666666666574e-01 3.333333333333333148e-01 1.666666666666666574e-01
1.666666666666666574e-01 3.333333333333333148e-01 3.333333333333333148e-01
1.666666666666666574e-01 3.333333333333333148e-01 5.000000000000000000e-01
1.666666666666666574e-01 3.333333333333333148e-01 6.666666666666666297e-01
1.666666666666666574e-01 3.333333333333333148e-01 8.333333333333332593e-01
1.666666666666666574e-01 5.000000000000000000e-01 0.000000000000000000e+00
1.666666666666666574e-01 5.000000000000000000e-01 1.666666666666666574e-01
1.666666666666666574e-01 5.000000000000000000e-01 3.333333333333333148e-01
1.666666666666666574e-01 5.000000000000000000e-01 5.000000000000000000e-01
1.666666666666666574e-01 5.000000000000000000e-01 6.666666666666666297e-01
1.666666666666666574e-01 5.000000000000000000e-01 8.333333333333332593e-01
1.666666666666666574e-01 6.666666666666666297e-01 0.000000000000000000e+00
1.666666666666666574e-01 6.666666666666666297e-01 1.666666666666666574e-01
1.666666666666666574e-01 6.666666666666666297e-01 3.333333333333333148e-01
1.666666666666666574e-01 6.666666666666666297e-01 5.000000000000000000e-01
1.666666666666666574e-01 6.666666666666666297e-01 6.666666666666666297e-01
1.666666666666666574e-01 6.666666666666666297e-01 8.333333333333332593e-01
1.666666666666666574e-01 8.333333333333332593e-01 0.000000000000000000e+00
1.666666666666666574e-01 8.333333333333332593e-01 1.666666666666666574e-01
1.666666666666666574e-01 8.333333333333332593e-01 3.333333333333333148e-01
1.666666666666666574e-01 8.333333333333332593e-01 5.000000000000000000e-01
1.666666666666666574e-01 8.333333333333332593e-01 6.666666666666666297e-01
1.666666666666666574e-01 8.333333333333332593e-01 8.333333333333332593e-01
3.333333333333333148e-01 0.000000000000000000e+00 0.000000000000000000e+00
3.333333333333333148e-01 0.000000000000000000e+00 1.666666666666666574e-01
3.333333333333333148e-01 0.000000000000000000e+00 3.333333333333333148e-01
3.333333333333333148e-01 0.000000000000000000e+00 5.000000000000000000e-01
3.333333333333333148e-01 0.000000000000000000e+00 6.666666666666666297e-01
3.333333333333333148e-01 0.000000000000000000e+00 8.333333333333332593e-01
3.333333333333333148e-01 1.666666666666666574e-01 0.000000000000000000e+00
3.333333333333333148e-01 1.666666666666666574e-01 1.666666666666666574e-01
3.333333333333333148e-01 1.666666666666666574e-01 3.333333333333333148e-01
3.333333333333333148e-01 1.666666666666666574e-01 5.000000000000000000e-01
3.333333333333333148e-01 1.666666666666666574e-01 6.666666666666666297e-01
3.333333333333333148e-01 1.666666666666666574e-01 8.333333333333332593e-01
3.333333333333333148e-01 3.333333333333333148e-01 0.000000000000000000e+00
3.333333333333333148e-01 3.333333333333333148e-01 1.666666666666666574e-01
3.333333333333333148e-01 3.333333333333333148e-01 3.333333333333333148e-01
3.333333333333333148e-01 3.333333333333333148e-01 5.000000000000000000e-01
3.333333333333333148e-01 3.333333333333333148e-01 6.666666666666666297e-01
3.333333333333333148e-01 3.333333333333333148e-01 8.333333333333332593e-01
3.333333333333333148e-01 5.000000000000000000e-01 0.000000000000000000e+00
3.333333333333333148e-01 5.000000000000000000e-01 1.666666666666666574e-01
3.333333333333333148e-01 5.000000000000000000e-01 3.333333333333333148e-01
3.333333333333333148e-01 5.000000000000000000e-01 5.000000000000000000e-01
3.333333333333333148e-01 5.000000000000000000e-01 6.666666666666666297e-01
3.333333333333333148e-01 5.000000000000000000e-01 8.333333333333332593e-01
3.333333333333333148e-01 6.666666666666666297e-01 0.000000000000000000e+00
3.333333333333333148e-01 6.666666666666666297e-01 1.666666666666666574e-01
3.333333333333333148e-01 6.666666666666666297e-01 3.333333333333333148e-01
3.333333333333333148e-01 6.666666666666666297e-01 5.000000000000000000e-01
3.333333333333333148e-01 6.666666666666666297e-01 6.666666666666666297e-01
3.333333333333333148e-01 6.666666666666666297e-01 8.333333333333332593e-01
3.333333333333333148e-01 8.333333333333332593e-01 0.000000000000000000e+00
3.333333333333333148e-01 8.333333333333332593e-01 1.666666666666666574e-01
3.333333333333333148e-01 8.333333333333332593e-01 3.333333333333333148e-01
3.333333333333333148e-01 8.333333333333332593e-01 5.000000000000000000e-01
3.333333333333333148e-01 8.333333333333332593e-01 6.666666666666666297e-01
3.333333333333333148e-01 8.333333333333332593e-01 8.333333333333332593e-01
5.000000000000000000e-01 0.000000000000000000e+00 0.000000000000000000e+00
5.000000000000000000e-01 0.000000000000000000e+00 1.666666666666666574e-01
5.000000000000000000e-01 0.000000000000000000e+00 3.333333333333333148e-01
5.000000000000000000e-01 0.000000000000000000e+00 5.000000000000000000e-01
5.000000000000000000e-01 0.000000000000000000e+00 6.666666666666666297e-01
5.000000000000000000e-01 0.000000000000000000e+00 8.333333333333332593e-01
5.000000000000000000e-01 1.666666666666666574e-01 0.000000000000000000e+00
5.000000000000000000e-01 1.666666666666666574e-01 1.666666666666666574e-01
5.000000000000000000e-01 1.666666666666666574e-01 3.333333333333333148e-01
5.000000000000000000e-01 1.666666666666666574e-01 5.000000000000000000e-01
5.000000000000000000e-01 1.666666666666666574e-01 6.666666666666666297e-01
5.000000000000000000e-01 1.666666666666666574e-01 8.333333333333332593e-01
5.000000000000000000e-01 3.333333333333333148e-01 0.000000000000000000e+00
5.000000000000000000e-01 3.333333333333333148e-01 1.666666666666666574e-01
5.000000000000000000e-01 3.333333333333333148e-01 3.333333333333333148e-01
5.000000000000000000e-01 3.333333333333333148e-01 5.000000000000000000e-01
5.000000000000000000e-01 3.333333333333333148e-01 6.666666666666666297e-01
5.000000000000000000e-01 3.333333333333333148e-01 8.333333333333332593e-01
5.000000000000000000e-01 5.000000000000000000e-01 0.000000000000000000e+00
5.000000000000000000e-01 5.000000000000000000e-01 1.666666666666666574e-01
5.000000000000000000e-01 5.000000000000000000e-01 3.333333333333333148e-01
5.000000000000000000e-01 5.000000000000000000e-01 5.000000000000000000e-01
5.000000000000000000e-01 5.000000000000000000e-01 6.666666666666666297e-01
5.000000000000000000e-01 5.000000000000000000e-01 8.333333333333332593e-01
5.000000000000000000e-01 6.666666666666666297e-01 0.000000000000000000e+00
5.000000000000000000e-01 6.666666666666666297e-01 1.666666666666666574e-01
5.000000000000000000e-01 6.666666666666666297e-01 3.333333333333333148e-01
5.000000000000000000e-01 6.666666666666666297e-01 5.000000000000000000e-01
5.000000000000000000e-01 6.666666666666666297e-01 6.666666666666666297e-01
5.000000000000000000e-01 6.666666666666666297e-01 8.333333333333332593e-01
5.000000000000000000e-01 8.333333333333332593e-01 0.000000000000000000e+00
5.000000000000000000e-01 8.333333333333332593e-01 1.666666666666666574e-01
5.000000000000000000e-01 8.333333333333332593e-01 3.333333333333333148e-01
5.000000000000000000e-01 8.333333333333332593e-01 5.000000000000000000e-01
5.000000000000000000e-01 8.333333333333332593e-01 6.666666666666666297e-01
5.000000000000000000e-01 8.333333333333332593e-01 8.333333333333332593e-01
6.666666666666666297e-01 0.000000000000000000e+00 0.000000000000000000e+00
6.666666666666666297e-01 0.000000000000000000e+00 1.666666666666666574e-01
6.666666666666666297e-01 0.000000000000000000e+00 3.333333333333333148e-01
6.666666666666666297e-01 0.000000000000000000e+00 5.000000000000000000e-01
6.666666666666666297e-01 0.000000000000000000e+00 6.666666666666666297e-01
6.666666666666666297e-01 0.000000000000000000e+00 8.333333333333332593e-01
6.666666666666666297e-01 1.666666666666666574e-01 0.000000000000000000e+00
6.666666666666666297e-01 1.666666666666666574e-01 1.666666666666666574e-01
6.666666666666666297e-01 1.666666666666666574e-01 3.333333333333333148e-01
6.666666666666666297e-01 1.666666666666666574e-01 5.000000000000000000e-01
6.666666666666666297e-01 1.666666666666666574e-01 6.666666666666666297e-01
6.666666666666666297e-01 1.666666666666666574e-01 8.333333333333332593e-01
6.666666666666666297e-01 3.333333333333333148e-01 0.000000000000000000e+00
6.666666666666666297e-01 3.333333333333333148e-01 1.666666666666666574e-01
6.666666666666666297e-01 3.333333333333333148e-01 3.333333333333333148e-01
6.666666666666666297e-01 3.333333333333333148e-01 5.000000000000000000e-01
6.666666666666666297e-01 3.333333333333333148e-01 6.666666666666666297e-01
6.666666666666666297e-01 3.333333333333333148e-01 8.333333333333332593e-01
6.666666666666666297e-01 5.000000000000000000e-01 0.000000000000000000e+00
6.666666666666666297e-01 5.000000000000000000e-01 1.666666666666666574e-01
6.666666666666666297e-01 5.000000000000000000e-01 3.333333333333333148e-01
6.666666666666666297e-01 5.000000000000000000e-01 5.000000000000000000e-01
6.666666666666666297e-01 5.000000000000000000e-01 6.666666666666666297e-01
6.666666666666666297e-01 5.000000000000000000e-01 8.333333333333332593e-01
6.666666666666666297e-01 6.666666666666666297e-01 0.000000000000000000e+00
6.666666666666666297e-01 6.666666666666666297e-01 1.666666666666666574e-01
6.666666666666666297e-01 6.666666666666666297e-01 3.333333333333333148e-01
6.666666666666666297e-01 6.666666666666666297e-01 5.000000000000000000e-01
6.666666666666666297e-01 6.666666666666666297e-01 6.666666666666666297e-01
6.666666666666666297e-01 6.666666666666666297e-01 8.333333333333332593e-01
6.666666666666666297e-01 8.333333333333332593e-01 0.000000000000000000e+00
6.666666666666666297e-01 8.333333333333332593e-01 1.666666666666666574e-01
6.666666666666666297e-01 8.333333333333332593e-01 3.333333333333333148e-01
6.666666666666666297e-01 8.333333333333332593e-01 5.000000000000000000e-01
6.666666666666666297e-01 8.333333333333332593e-01 6.666666666666666297e-01
6.666666666666666297e-01 8.333333333333332593e-01 8.333333333333332593e-01
8.333333333333332593e-01 0.000000000000000000e+00 0.000000000000000000e+00
8.333333333333332593e-01 0.000000000000000000e+00 1.666666666666666574e-01
8.333333333333332593e-01 0.000000000000000000e+00 3.333333333333333148e-01
8.333333333333332593e-01 0.000000000000000000e+00 5.000000000000000000e-01
8.333333333333332593e-01 0.000000000000000000e+00 6.666666666666666297e-01
8.333333333333332593e-01 0.000000000000000000e+00 8.333333333333332593e-01
8.333333333333332593e-01 1.666666666666666574e-01 0.000000000000000000e+00
8.333333333333332593e-01 1.666666666666666574e-01 1.666666666666666574e-01
8.333333333333332593e-01 1.666666666666666574e-01 3.333333333333333148e-01
8.333333333333332593e-01 1.666666666666666574e-01 5.000000000000000000e-01
8.333333333333332593e-01 1.666666666666666574e-01 6.666666666666666297e-01
8.333333333333332593e-01 1.666666666666666574e-01 8.333333333333332593e-01
8.333333333333332593e-01 3.333333333333333148e-01 0.000000000000000000e+00
8.333333333333332593e-01 3.333333333333333148e-01 1.666666666666666574e-01
8.333333333333332593e-01 3.333333333333333148e-01 3.333333333333333148e-01
8.333333333333332593e-01 3.333333333333333148e-01 5.000000000000000000e-01
8.333333333333332593e-01 3.333333333333333148e-01 6.666666666666666297e-01
8.333333333333332593e-01 3.333333333333333148e-01 8.333333333333332593e-01
8.333333333333332593e-01 5.000000000000000000e-01 0.000000000000000000e+00
8.333333333333332593e-01 5.000000000000000000e-01 1.666666666666666574e-01
8.333333333333332593e-01 5.000000000000000000e-01 3.333333333333333148e-01
8.333333333333332593e-01 5.000000000000000000e-01 5.000000000000000000e-01
8.333333333333332593e-01 5.000000000000000000e-01 6.666666666666666297e-01
8.333333333333332593e-01 5.000000000000000000e-01 8.333333333333332593e-01
8.333333333333332593e-01 6.666666666666666297e-01 0.000000000000000000e+00
8.333333333333332593e-01 6.666666666666666297e-01 1.666666666666666574e-01
8.333333333333332593e-01 6.666666666666666297e-01 3.333333333333333148e-01
8.333333333333332593e-01 6.666666666666666297e-01 5.000000000000000000e-01
8.333333333333332593e-01 6.666666666666666297e-01 6.666666666666666297e-01
8.333333333333332593e-01 6.666666666666666297e-01 8.333333333333332593e-01
8.333333333333332593e-01 8.333333333333332593e-01 0.000000000000000000e+00
8.333333333333332593e-01 8.333333333333332593e-01 1.666666666666666574e-01
8.333333333333332593e-01 8.333333333333332593e-01 3.333333333333333148e-01
8.333333333333332593e-01 8.333333333333332593e-01 5.000000000000000000e-01
8.333333333333332593e-01 8.333333333333332593e-01 6.666666666666666297e-01
8.333333333333332593e-01 8.333333333333332593e-01 8.333333333333332593e-01
