0.000000000000000000e+00 0.000000000000000000e+00 0.000000000000000000e+00
0.000000000000000000e+00 0.000000000000000000e+00 1.428571428571428492e-01
0.000000000000000000e+00 0.000000000000000000e+00 2.857142857142856984e-01
0.000000000000000000e+00 0.000000000000000000e+00 4.285714285714285476e-01
0.000000000000000000e+00 0.000000000000000000e+00 5.714285714285713969e-01
0.000000000000000000e+00 0.000000000000000000e+00 7.142857142857141906e-01
0.000000000000000000e+00 0.000000000000000000e+00 8.571428571428570953e-01
0.000000000000000000e+00 1.428571428571428492e-01 0.000000000000000000e+00
0.000000000000000000e+00 1.428571428571428492e-01 1.428571428571428492e-01
0.000000000000000000e+00 1.428571428571428492e-01 2.857142857142856984e-01
0.000000000000000000e+00 1.428571428571428492e-01 4.285714285714285476e-01
0.000000000000000000e+00 1.428571428571428492e-01 5.714285714285713969e-01
0.000000000000000000e+00 1.428571428571428492e-01 7.142857142857141906e-01
0.000000000000000000e+00 1.428571428571428492e-01 8.571428571428570953e-01
0.000000000000000000e+00 2.857142857142856984e-01 0.000000000000000000e+00
0.000000000000000000e+00 2.857142857142856984e-01 1.428571428571428492e-01
0.000000000000000000e+00 2.857142857142856984e-01 2.857142857142856984e-01
0.000000000000000000e+00 2.857142857142856984e-01 4.285714285714285476e-01
0.000000000000000000e+00 2.857142857142856984e-01 5.714285714285713969e-01
0.000000000000000000e+00 2.857142857142856984e-01 7.142857142857141906e-01
0.000000000000000000e+00 2.857142857142856984e-01 8.571428571428570953e-01
0.000000000000000000e+00 4.285714285714285476e-01 0.000000000000000000e+00
0.000000000000000000e+00 4.285714285714285476e-01 1.428571428571428492e-01
0.000000000000000000e+00 4.285714285714285476e-01 2.857142857142856984e-01
0.000000000000000000e+00 4.285714285714285476e-01 4.285714285714285476e-01
0.000000000000000000e+00 4.285714285714285476e-01 5.714285714285713969e-01
0.000000000000000000e+00 4.285714285714285476e-01 7.142857142857141906e-01
0.000000000000000000e+00 4.285714285714285476e-01 8.571428571428570953e-01
0.000000000000000000e+00 5.714285714285713969e-01 0.000000000000000000e+00
0.000000000000000000e+00 5.714285714285713969e-01 1.428571428571428492e-01
0.000000000000000000e+00 5.714285714285713969e-01 2.857142857142856984e-01
0.000000000000000000e+00 5.714285714285713969e-01 4.285714285714285476e-01
0.000000000000000000e+00 5.714285714285713969e-01 5.714285714285713969e-01
0.000000000000000000e+00 5.714285714285713969e-01 7.142857142857141906e-01
0.000000000000000000e+00 5.714285714285713969e-01 8.571428571428570953e-01
0.000000000000000000e+00 7.142857142857141906e-01 0.000000000000000000e+00
0.000000000000000000e+00 7.142857142857141906e-01 1.428571428571428492e-01
0.000000000000000000e+00 7.142857142857141906e-01 2.857142857142856984e-01
0.000000000000000000e+00 7.142857142857141906e-01 4.285714285714285476e-01
0.000000000000000000e+00 7.142857142857141906e-01 5.714285714285713969e-01
0.000000000000000000e+00 7.142857142857141906e-01 7.142857142857141906e-01
0.000000000000000000e+00 7.142857142857141906e-01 8.571428571428570953e-01
0.000000000000000000e+00 8.571428571428570953e-01 0.000000000000000000e+00
0.000000000000000000e+00 8.571428571428570953e-01 1.428571428571428492e-01
0.000000000000000000e+00 8.571428571428570953e-01 2.857142857142856984e-01
0.000000000000000000e+00 8.571428571428570953e-01 4.285714285714285476e-01
0.000000000000000000e+00 8.571428571428570953e-01 5.714285714285713969e-01
0.000000000000000000e+00 8.571428571428570953e-01 7.142857142857141906e-01
0.000000000000000000e+00 8.571428571428570953e-01 8.571428571428570953e-01
1.428571428571428492e-01 0.000000000000000000e+00 0.000000000000000000e+00
1.428571428571428492e-01 0.000000000000000000e+00 1.428571428571428492e-01
1.428571428571428492e-01 0.000000000000000000e+00 2.857142857142856984e-01
1.428571428571428492e-01 0.000000000000000000e+00 4.285714285714285476e-01
1.428571428571428492e-01 0.000000000000000000e+00 5.714285714285713969e-01
1.428571428571428492e-01 0.000000000000000000e+00 7.142857142857141906e-01
1.428571428571428492e-01 0.000000000000000000e+00 8.571428571428570953e-01
1.428571428571428492e-01 1.428571428571428492e-01 0.000000000000000000e+00
1.428571428571428492e-01 1.428571428571428492e-01 1.428571428571428492e-01
1.428571428571428492e-01 1.428571428571428492e-01 2.857142857142856984e-01
1.428571428571428492e-01 1.428571428571428492e-01 4.285714285714285476e-01
1.428571428571428492e-01 1.428571428571428492e-01 5.714285714285713969e-01
1.428571428571428492e-01 1.428571428571428492e-01 7.142857142857141906e-01
1.428571428571428492e-01 1.428571428571428492e-01 8.571428571428570953e-01
1.428571428571428492e-01 2.857142857142856984e-01 0.000000000000000000e+00
1.428571428571428492e-01 2.857142857142856984e-01 1.428571428571428492e-01
1.428571428571428492e-01 2.857142857142856984e-01 2.857142857142856984e-01
1.428571428571428492e-01 2.857142857142856984e-01 4.285714285714285476e-01
1.428571428571428492e-01 2.857142857142856984e-01 5.714285714285713969e-01
1.428571428571428492e-01 2.857142857142856984e-01 7.142857142857141906e-01
1.428571428571428492e-01 2.857142857142856984e-01 8.571428571428570953e-01
1.428571428571428492e-01 4.285714285714285476e-01 0.000000000000000000e+00
1.428571428571428492e-01 4.285714285714285476e-01 1.428571428571428492e-01
1.428571428571428492e-01 4.285714285714285476e-01 2.857142857142856984e-01
1.428571428571428492e-01 4.285714285714285476e-01 4.285714285714285476e-01
1.428571428571428492e-01 4.285714285714285476e-01 5.714285714285713969e-01
1.428571428571428492e-01 4.285714285714285476e-01 7.142857142857141906e-01
1.428571428571428492e-01 4.285714285714285476e-01 8.571428571428570953e-01
1.428571428571428492e-01 5.714285714285713969e-01 0.000000000000000000e+00
1.428571428571428492e-01 5.714285714285713969e-01 1.428571428571428492e-01
1.428571428571428492e-01 5.714285714285713969e-01 2.857142857142856984e-01
1.428571428571428492e-01 5.714285714285713969e-01 4.285714285714285476e-01
1.428571428571428492e-01 5.714285714285713969e-01 5.714285714285713969e-01
1.428571428571428492e-01 5.714285714285713969e-01 7.142857142857141906e-01
1.428571428571428492e-01 5.714285714285713969e-01 8.571428571428570953e-01
1.428571428571428492e-01 7.142857142857141906e-01 0.000000000000000000e+00
1.428571428571428492e-01 7.142857142857141906e-01 1.428571428571428492e-01
1.428571428571428492e-01 7.142857142857141906e-01 2.857142857142856984e-01
1.428571428571428492e-01 7.142857142857141906e-01 4.285714285714285476e-01
1.428571428571428492e-01 7.142857142857141906e-01 5.714285714285713969e-01
1.428571428571428492e-01 7.142857142857141906e-01 7.142857142857141906e-01
1.428571428571428492e-01 7.142857142857141906e-01 8.571428571428570953e-01
1.428571428571428492e-01 8.571428571428570953e-01 0.000000000000000000e+00
1.428571428571428492e-01 8.571428571428570953e-01 1.428571428571428492e-01
1.428571428571428492e-01 8.571428571428570953e-01 2.857142857142856984e-01
1.428571428571428492e-01 8.571428571428570953e-01 4.285714285714285476e-01
1.428571428571428492e-01 8.571428571428570953e-01 5.714285714285713969e-01
1.428571428571428492e-01 8.571428571428570953e-01 7.142857142857141906e-01
1.428571428571428492e-01 8.571428571428570953e-01 8.571428571428570953e-01
2.857142857142856984e-01 0.000000000000000000e+00 0.000000000000000000e+00
2.857142857142856984e-01 0.000000000000000000e+00 1.428571428571428492e-01
2.857142857142856984e-01 0.000000000000000000e+00 2.857142857142856984e-01
2.857142857142856984e-01 0.000000000000000000e+00 4.285714285714285476e-01
2.857142857142856984e-01 0.000000000000000000e+00 5.714285714285713969e-01
2.857142857142856984e-01 0.000000000000000000e+00 7.142857142857141906e-01
2.857142857142856984e-01 0.000000000000000000e+00 8.571428571428570953e-01
2.857142857142856984e-01 1.428571428571428492e-01 0.000000000000000000e+00
2.857142857142856984e-01 1.428571428571428492e-01 1.428571428571428492e-01
2.857142857142856984e-01 1.428571428571428492e-01 2.857142857142856984e-01
2.857142857142856984e-01 1.428571428571428492e-01 4.285714285714285476e-01
2.857142857142856984e-01 1.428571428571428492e-01 5.714285714285713969e-01
2.857142857142856984e-01 1.428571428571428492e-01 7.142857142857141906e-01
2.857142857142856984e-01 1.428571428571428492e-01 8.571428571428570953e-01
2.857142857142856984e-01 2.857142857142856984e-01 0.000000000000000000e+00
2.857142857142856984e-01 2.857142857142856984e-01 1.428571428571428492e-01
2.857142857142856984e-01 2.857142857142856984e-01 2.857142857142856984e-01
2.857142857142856984e-01 2.857142857142856984e-01 4.285714285714285476e-01
2.857142857142856984e-01 2.857142857142856984e-01 5.714285714285713969e-01
2.857142857142856984e-01 2.857142857142856984e-01 7.142857142857141906e-01
2.857142857142856984e-01 2.857142857142856984e-01 8.571428571428570953e-01
2.857142857142856984e-01 4.285714285714285476e-01 0.000000000000000000e+00
2.857142857142856984e-01 4.285714285714285476e-01 1.428571428571428492e-01
2.857142857142856984e-01 4.285714285714285476e-01 2.857142857142856984e-01
2.857142857142856984e-01 4.285714285714285476e-01 4.285714285714285476e-01
2.857142857142856984e-01 4.285714285714285476e-01 5.714285714285713969e-01
2.857142857142856984e-01 4.285714285714285476e-01 7.142857142857141906e-01
2.857142857142856984e-01 4.285714285714285476e-01 8.571428571428570953e-01
2.857142857142856984e-01 5.714285714285713969e-01 0.000000000000000000e+00
2.857142857142856984e-01 5.714285714285713969e-01 1.428571428571428492e-01
2.857142857142856984e-01 5.714285714285713969e-01 2.857142857142856984e-01
2.857142857142856984e-01 5.714285714285713969e-01 4.285714285714285476e-01
2.857142857142856984e-01 5.714285714285713969e-01 5.714285714285713969e-01
2.857142857142856984e-01 5.714285714285713969e-01 7.142857142857141906e-01
2.857142857142856984e-01 5.714285714285713969e-01 8.571428571428570953e-01
2.857142857142856984e-01 7.142857142857141906e-01 0.000000000000000000e+00
2.857142857142856984e-01 7.142857142857141906e-01 1.428571428571428492e-01
2.857142857142856984e-01 7.142857142857141906e-01 2.857142857142856984e-01
2.857142857142856984e-01 7.142857142857141906e-01 4.285714285714285476e-01
2.857142857142856984e-01 7.142857142857141906e-01 5.714285714285713969e-01
2.857142857142856984e-01 7.142857142857141906e-01 7.142857142857141906e-01
2.857142857142856984e-01 7.142857142857141906e-01 8.571428571428570953e-01
2.857142857142856984e-01 8.571428571428570953e-01 0.000000000000000000e+00
2.857142857142856984e-01 8.571428571428570953e-01 1.428571428571428492e-01
2.857142857142856984e-01 8.571428571428570953e-01 2.857142857142856984e-01
2.857142857142856984e-01 8.571428571428570953e-01 4.285714285714285476e-01
2.857142857142856984e-01 8.571428571428570953e-01 5.714285714285713969e-01
2.857142857142856984e-01 8.571428571428570953e-01 7.142857142857141906e-01
2.857142857142856984e-01 8.571428571428570953e-01 8.571428571428570953e-01
4.285714285714285476e-01 0.000000000000000000e+00 0.000000000000000000e+00
4.285714285714285476e-01 0.000000000000000000e+00 1.428571428571428492e-01
4.285714285714285476e-01 0.000000000000000000e+00 2.857142857142856984e-01
4.285714285714285476e-01 0.000000000000000000e+00 4.285714285714285476e-01
4.285714285714285476e-01 0.000000000000000000e+00 5.714285714285713969e-01
4.285714285714285476e-01 0.000000000000000000e+00 7.142857142857141906e-01
4.285714285714285476e-01 0.000000000000000000e+00 8.571428571428570953e-01
4.285714285714285476e-01 1.428571428571428492e-01 0.000000000000000000e+00
4.285714285714285476e-01 1.428571428571428492e-01 1.428571428571428492e-01
4.285714285714285476e-01 1.428571428571428492e-01 2.857142857142856984e-01
4.285714285714285476e-01 1.428571428571428492e-01 4.285714285714285476e-01
4.285714285714285476e-01 1.428571428571428492e-01 5.714285714285713969e-01
4.285714285714285476e-01 1.428571428571428492e-01 7.142857142857141906e-01
4.285714285714285476e-01 1.428571428571428492e-01 8.571428571428570953e-01
4.285714285714285476e-01 2.857142857142856984e-01 0.000000000000000000e+00
4.285714285714285476e-01 2.857142857142856984e-01 1.428571428571428492e-01
4.285714285714285476e-01 2.857142857142856984e-01 2.857142857142856984e-01
4.285714285714285476e-01 2.857142857142856984e-01 4.285714285714285476e-01
4.285714285714285476e-01 2.857142857142856984e-01 5.714285714285713969e-01
4.285714285714285476e-01 2.857142857142856984e-01 7.142857142857141906e-01
4.285714285714285476e-01 2.857142857142856984e-01 8.571428571428570953e-01
4.285714285714285476e-01 4.285714285714285476e-01 0.000000000000000000e+00
4.285714285714285476e-01 4.285714285714285476e-01 1.428571428571428492e-01
4.285714285714285476e-01 4.285714285714285476e-01 2.857142857142856984e-01
4.285714285714285476e-01 4.285714285714285476e-01 4.285714285714285476e-01
4.285714285714285476e-01 4.285714285714285476e-01 5.714285714285713969e-01
4.285714285714285476e-01 4.285714285714285476e-01 7.142857142857141906e-01
4.285714285714285476e-01 4.285714285714285476e-01 8.571428571428570953e-01
4.285714285714285476e-01 5.714285714285713969e-01 0.000000000000000000e+00
4.285714285714285476e-01 5.714285714285713969e-01 1.428571428571428492e-01
4.285714285714285476e-01 5.714285714285713969e-01 2.857142857142856984e-01
4.285714285714285476e-01 5.714285714285713969e-01 4.285714285714285476e-01
4.285714285714285476e-01 5.714285714285713969e-01 5.714285714285713969e-01
4.285714285714285476e-01 5.714285714285713969e-01 7.142857142857141906e-01
4.285714285714285476e-01 5.714285714285713969e-01 8.571428571428570953e-01
4.285714285714285476e-01 7.142857142857141906e-01 0.000000000000000000e+00
4.285714285714285476e-01 7.142857142857141906e-01 1.428571428571428492e-01
4.285714285714285476e-01 7.142857142857141906e-01 2.857142857142856984e-01
4.285714285714285476e-01 7.142857142857141906e-01 4.285714285714285476e-01
4.285714285714285476e-01 7.142857142857141906e-01 5.714285714285713969e-01
4.285714285714285476e-01 7.142857142857141906e-01 7.142857142857141906e-01
4.285714285714285476e-01 7.142857142857141906e-01 8.571428571428570953e-01
4.285714285714285476e-01 8.571428571428570953e-01 0.000000000000000000e+00
4.285714285714285476e-01 8.571428571428570953e-01 1.428571428571428492e-01
4.285714285714285476e-01 8.571428571428570953e-01 2.857142857142856984e-01
4.285714285714285476e-01 8.571428571428570953e-01 4.285714285714285476e-01
4.285714285714285476e-01 8.571428571428570953e-01 5.714285714285713969e-01
4.285714285714285476e-01 8.571428571428570953e-01 7.142857142857141906e-01
4.285714285714285476e-01 8.571428571428570953e-01 8.571428571428570953e-01
5.714285714285713969e-01 0.000000000000000000e+00 0.000000000000000000e+00
5.714285714285713969e-01 0.000000000000000000e+00 1.428571428571428492e-01
5.714285714285713969e-01 0.000000000000000000e+00 2.857142857142856984e-01
5.714285714285713969e-01 0.000000000000000000e+00 4.285714285714285476e-01
5.714285714285713969e-01 0.000000000000000000e+00 5.714285714285713969e-01
5.714285714285713969e-01 0.000000000000000000e+00 7.142857142857141906e-01
5.714285714285713969e-01 0.000000000000000000e+00 8.571428571428570953e-01
5.714285714285713969e-01 1.428571428571428492e-01 0.000000000000000000e+00
5.714285714285713969e-01 1.428571428571428492e-01 1.428571428571428492e-01
5.714285714285713969e-01 1.428571428571428492e-01 2.857142857142856984e-01
5.714285714285713969e-01 1.428571428571428492e-01 4.285714285714285476e-01
5.714285714285713969e-01 1.428571428571428492e-01 5.714285714285713969e-01
5.714285714285713969e-01 1.428571428571428492e-01 7.142857142857141906e-01
5.714285714285713969e-01 1.428571428571428492e-01 8.571428571428570953e-01
5.714285714285713969e-01 2.857142857142856984e-01 0.000000000000000000e+00
5.714285714285713969e-01 2.857142857142856984e-01 1.428571428571428492e-01
5.714285714285713969e-01 2.857142857142856984e-01 2.857142857142856984e-01
5.714285714285713969e-01 2.857142857142856984e-01 4.285714285714285476e-01
5.714285714285713969e-01 2.857142857142856984e-01 5.714285714285713969e-01
5.714285714285713969e-01 2.857142857142856984e-01 7.142857142857141906e-01
5.714285714285713969e-01 2.857142857142856984e-01 8.571428571428570953e-01
5.714285714285713969e-01 4.285714285714285476e-01 0.000000000000000000e+00
5.714285714285713969e-01 4.285714285714285476e-01 1.428571428571428492e-01
5.714285714285713969e-01 4.285714285714285476e-01 2.857142857142856984e-01
5.714285714285713969e-01 4.285714285714285476e-01 4.285714285714285476e-01
5.714285714285713969e-01 4.285714285714285476e-01 5.714285714285713969e-01
5.714285714285713969e-01 4.285714285714285476e-01 7.142857142857141906e-01
5.714285714285713969e-01 4.285714285714285476e-01 8.571428571428570953e-01
5.714285714285713969e-01 5.714285714285713969e-01 0.000000000000000000e+00
5.714285714285713969e-01 5.714285714285713969e-01 1.428571428571428492e-01
5.714285714285713969e-01 5.714285714285713969e-01 2.857142857142856984e-01
5.714285714285713969e-01 5.714285714285713969e-01 4.285714285714285476e-01
5.714285714285713969e-01 5.714285714285713969e-01 5.714285714285713969e-01
5.714285714285713969e-01 5.714285714285713969e-01 7.142857142857141906e-01
5.714285714285713969e-01 5.714285714285713969e-01 8.571428571428570953e-01
5.714285714285713969e-01 7.142857142857141906e-01 0.000000000000000000e+00
5.714285714285713969e-01 7.142857142857141906e-01 1.428571428571428492e-01
5.714285714285713969e-01 7.142857142857141906e-01 2.857142857142856984e-01
5.714285714285713969e-01 7.142857142857141906e-01 4.285714285714285476e-01
5.714285714285713969e-01 7.142857142857141906e-01 5.714285714285713969e-01
5.714285714285713969e-01 7.142857142857141906e-01 7.142857142857141906e-01
5.714285714285713969e-01 7.142857142857141906e-01 8.571428571428570953e-01
5.714285714285713969e-01 8.571428571428570953e-01 0.000000000000000000e+00
5.714285714285713969e-01 8.571428571428570953e-01 1.428571428571428492e-01
5.714285714285713969e-01 8.571428571428570953e-01 2.857142857142856984e-01
5.714285714285713969e-01 8.571428571428570953e-01 4.285714285714285476e-01
5.714285714285713969e-01 8.571428571428570953e-01 5.714285714285713969e-01
5.714285714285713969e-01 8.571428571428570953e-01 7.142857142857141906e-01
5.714285714285713969e-01 8.571428571428570953e-01 8.571428571428570953e-01
7.142857142857141906e-01 0.000000000000000000e+00 0.000000000000000000e+00
7.142857142857141906e-01 0.000000000000000000e+00 1.428571428571428492e-01
7.142857142857141906e-01 0.000000000000000000e+00 2.857142857142856984e-01
7.142857142857141906e-01 0.000000000000000000e+00 4.285714285714285476e-01
7.142857142857141906e-01 0.000000000000000000e+00 5.714285714285713969e-01
7.142857142857141906e-01 0.000000000000000000e+00 7.142857142857141906e-01
7.142857142857141906e-01 0.000000000000000000e+00 8.571428571428570953e-01
7.142857142857141906e-01 1.428571428571428492e-01 0.000000000000000000e+00
7.142857142857141906e-01 1.428571428571428492e-01 1.428571428571428492e-01
7.142857142857141906e-01 1.428571428571428492e-01 2.857142857142856984e-01
7.142857142857141906e-01 1.428571428571428492e-01 4.285714285714285476e-01
7.142857142857141906e-01 1.428571428571428492e-01 5.714285714285713969e-01
7.142857142857141906e-01 1.428571428571428492e-01 7.142857142857141906e-01
7.142857142857141906e-01 1.428571428571428492e-01 8.571428571428570953e-01
7.142857142857141906e-01 2.857142857142856984e-01 0.000000000000000000e+00
7.142857142857141906e-01 2.857142857142856984e-01 1.428571428571428492e-01
7.142857142857141906e-01 2.857142857142856984e-01 2.857142857142856984e-01
7.142857142857141906e-01 2.857142857142856984e-01 4.285714285714285476e-01
7.142857142857141906e-01 2.857142857142856984e-01 5.714285714285713969e-01
7.142857142857141906e-01 2.857142857142856984e-01 7.142857142857141906e-01
7.142857142857141906e-01 2.857142857142856984e-01 8.571428571428570953e-01
7.142857142857141906e-01 4.285714285714285476e-01 0.000000000000000000e+00
7.142857142857141906e-01 4.285714285714285476e-01 1.428571428571428492e-01
7.142857142857141906e-01 4.285714285714285476e-01 2.857142857142856984e-01
7.142857142857141906e-01 4.285714285714285476e-01 4.285714285714285476e-01
7.142857142857141906e-01 4.285714285714285476e-01 5.714285714285713969e-01
7.142857142857141906e-01 4.285714285714285476e-01 7.142857142857141906e-01
7.142857142857141906e-01 4.285714285714285476e-01 8.571428571428570953e-01
7.142857142857141906e-01 5.714285714285713969e-01 0.000000000000000000e+00
7.142857142857141906e-01 5.714285714285713969e-01 1.428571428571428492e-01
7.142857142857141906e-01 5.714285714285713969e-01 2.857142857142856984e-01
7.142857142857141906e-01 5.714285714285713969e-01 4.285714285714285476e-01
7.142857142857141906e-01 5.714285714285713969e-01 5.714285714285713969e-01
7.142857142857141906e-01 5.714285714285713969e-01 7.142857142857141906e-01
7.142857142857141906e-01 5.714285714285713969e-01 8.571428571428570953e-01
7.142857142857141906e-01 7.142857142857141906e-01 0.000000000000000000e+00
7.142857142857141906e-01 7.142857142857141906e-01 1.428571428571428492e-01
7.142857142857141906e-01 7.142857142857141906e-01 2.857142857142856984e-01
7.142857142857141906e-01 7.142857142857141906e-01 4.285714285714285476e-01
7.142857142857141906e-01 7.142857142857141906e-01 5.714285714285713969e-01
7.142857142857141906e-01 7.142857142857141906e-01 7.142857142857141906e-01
7.142857142857141906e-01 7.142857142857141906e-01 8.571428571428570953e-01
7.142857142857141906e-01 8.571428571428570953e-01 0.000000000000000000e+00
7.142857142857141906e-01 8.571428571428570953e-01 1.428571428571428492e-01
7.142857142857141906e-01 8.571428571428570953e-01 2.857142857142856984e-01
7.142857142857141906e-01 8.571428571428570953e-01 4.285714285714285476e-01
7.142857142857141906e-01 8.571428571428570953e-01 5.714285714285713969e-01
7.142857142857141906e-01 8.571428571428570953e-01 7.142857142857141906e-01
7.142857142857141906e-01 8.571428571428570953e-01 8.571428571428570953e-01
8.571428571428570953e-01 0.000000000000000000e+00 0.000000000000000000e+00
8.571428571428570953e-01 0.000000000000000000e+00 1.428571428571428492e-01
8.571428571428570953e-01 0.000000000000000000e+00 2.857142857142856984e-01
8.571428571428570953e-01 0.000000000000000000e+00 4.285714285714285476e-01
8.571428571428570953e-01 0.000000000000000000e+00 5.714285714285713969e-01
8.571428571428570953e-01 0.000000000000000000e+00 7.142857142857141906e-01
8.571428571428570953e-01 0.000000000000000000e+00 8.571428571428570953e-01
8.571428571428570953e-01 1.428571428571428492e-01 0.000000000000000000e+00
8.571428571428570953e-01 1.428571428571428492e-01 1.428571428571428492e-01
8.571428571428570953e-01 1.428571428571428492e-01 2.857142857142856984e-01
8.571428571428570953e-01 1.428571428571428492e-01 4.285714285714285476e-01
8.571428571428570953e-01 1.428571428571428492e-01 5.714285714285713969e-01
8.571428571428570953e-01 1.428571428571428492e-01 7.142857142857141906e-01
8.571428571428570953e-01 1.428571428571428492e-01 8.571428571428570953e-01
8.571428571428570953e-01 2.857142857142856984e-01 0.000000000000000000e+00
8.571428571428570953e-01 2.857142857142856984e-01 1.428571428571428492e-01
8.571428571428570953e-01 2.857142857142856984e-01 2.857142857142856984e-01
8.571428571428570953e-01 2.857142857142856984e-01 4.285714285714285476e-01
8.571428571428570953e-01 2.857142857142856984e-01 5.714285714285713969e-01
8.571428571428570953e-01 2.857142857142856984e-01 7.142857142857141906e-01
8.571428571428570953e-01 2.857142857142856984e-01 8.571428571428570953e-01
8.571428571428570953e-01 4.285714285714285476e-01 0.000000000000000000e+00
8.571428571428570953e-01 4.285714285714285476e-01 1.428571428571428492e-01
8.571428571428570953e-01 4.285714285714285476e-01 2.857142857142856984e-01
8.571428571428570953e-01 4.285714285714285476e-01 4.285714285714285476e-01
8.571428571428570953e-01 4.285714285714285476e-01 5.714285714285713969e-01
8.571428571428570953e-01 4.285714285714285476e-01 7.142857142857141906e-01
8.571428571428570953e-01 4.285714285714285476e-01 8.571428571428570953e-01
8.571428571428570953e-01 5.714285714285713969e-01 0.000000000000000000e+00
8.571428571428570953e-01 5.714285714285713969e-01 1.428571428571428492e-01
8.571428571428570953e-01 5.714285714285713969e-01 2.857142857142856984e-01
8.571428571428570953e-01 5.714285714285713969e-01 4.285714285714285476e-01
8.571428571428570953e-01 5.714285714285713969e-01 5.714285714285713969e-01
8.571428571428570953e-01 5.714285714285713969e-01 7.142857142857141906e-01
8.571428571428570953e-01 5.714285714285713969e-01 8.571428571428570953e-01
8.571428571428570953e-01 7.142857142857141906e-01 0.000000000000000000e+00
8.571428571428570953e-01 7.142857142857141906e-01 1.428571428571428492e-01
8.571428571428570953e-01 7.142857142857141906e-01 2.857142857142856984e-01
8.571428571428570953e-01 7.142857142857141906e-01 4.285714285714285476e-01
8.571428571428570953e-01 7.142857142857141906e-01 5.714285714285713969e-01
8.571428571428570953e-01 7.142857142857141906e-01 7.142857142857141906e-01
8.571428571428570953e-01 7.142857142857141906e-01 8.571428571428570953e-01
8.571428571428570953e-01 8.571428571428570953e-01 0.000000000000000000e+00
8.571428571428570953e-01 8.571428571428570953e-01 1.428571428571428492e-01
8.571428571428570953e-01 8.571428571428570953e-01 2.857142857142856984e-01
8.571428571428570953e-01 8.571428571428570953e-01 4.285714285714285476e-01
8.571428571428570953e-01 8.571428571428570953e-01 5.714285714285713969e-01
8.571428571428570953e-01 8.571428571428570953e-01 7.142857142857141906e-01
8.571428571428570953e-01 8.571428571428570953e-01 8.571428571428570953e-01
